40.376009263705775
46.72814197580442
25.94083554059512
28.639658532494916
42.80988212515226
32.23576008034318
25.665453291230932
29.499627923534224
23.697274061039717
28.987225985817194
25.275412517239094
27.83162641295093
31.374550853462825
26.61311289941722
9.242800357903572
28.82864396889296
33.13312729326167
26.94258601270918
21.159667961630294
21.519709588664004
19.388657508714218
26.492690586952335
18.154746706181253
22.095860021381544
19.987498744829008
18.266067378485534
21.266219554445644
24.77377302573159
25.12827975431566
17.70994767564952
14.544918065933373
29.478964098559647
29.74759031643441
31.141786860552656
27.481565582777318
11.75269180892851
24.914133149543385
25.896418823152413
27.751613270076746
27.90285003687582
30.396152770262585
24.602401617072776
19.338525271404198
28.16593652020788
26.315860073591168
31.202876574927387
31.08442396908799
26.629470236508364
27.96089640309565
28.73901251971338
28.976993328415507
29.54501110383463
27.12916769883432
30.733476916615245
23.062017920764475
21.515730450151267
21.785336003744007
29.776658943636093
25.446529693613787
11.097104793855697
27.692115583452715
19.5564001120549
24.996332098345395
29.43078180595148
29.78753626268349
28.628423727356306
21.64493155752867
30.371750569576903
22.582130885657083
23.211424028329144
26.334840792851512
27.20324793325396
27.969590340946883
33.8120461291193
25.31166119506018
20.962290093290658
22.553913046471454
28.93065789120959
28.261545297174454
26.360587138626418
21.310976774662524
22.845912624511698
24.64848489288653
25.151300987203694
30.614985519909226
20.70328303015808
27.00445067694106
30.769026314764513
25.523754353673024
28.175923999722627
35.14994181031937
21.849814367172225
13.546573913533779
30.940509956049667
26.50530598522217
24.439527855302362
30.264131851702178
30.835008349042027
25.95444785099957
28.100431558328918
29.217900813343686
27.254490135329817
27.269834254977155
26.750137602850785
27.05012716112513
26.960175374497624
22.18626269109622
25.05693130313837
25.150128567251205
23.041476509643275
20.174193693323193
17.990847331764876
27.704881669757313
21.69786237079423
25.99213991514082
32.43581532527394
28.776791552649385
28.31012585608181
24.723933579768822
30.354687977236996
23.9472287681949
28.19515234467063
23.315207159838526
20.57083297351357
25.084534302789223
30.651534563735012
22.230748539870927
29.929195818132538
17.033438861401866
22.194721830673632
22.698964154187667
29.713889108429772
36.87711659409773
25.726321476603147
23.874728512560775
28.653108368480204
18.499681976878225
23.997704588082783
28.63222900321695
23.081219932513466
18.215405697420085
17.994367466825675
23.35972463998199
25.06216110739111
21.82887646770671
30.54826241541377
26.735638297996758
22.90886158099505
14.328010830458814
26.41189970358676
26.398088521321284
30.869935661577145
26.747701082961196
22.483768041227147
30.277562860754113
32.412560349286494
20.682919078863964
25.795951781199552
24.60256438909754
23.059933478735488
26.905699083050635
27.881314216050644
29.23016027682912
18.723461182459797
28.28620970446362
24.834116415217604
20.750427782916244
29.036510992930044
27.69584445089885
25.70771169438497
28.645316926222975
20.574214336642
17.317050779014462
23.102787946140495
27.827911736818532
24.905078370393714
29.596527832038053
28.654573648103298
29.7181948598938
22.950555191934498
21.267269865588613
23.606151115826037
32.00819144604717
26.558060448637956
24.649817750127553
29.887069612663108
27.130786586003506
25.726497595632953
24.38457357336598
24.962894053803144
28.895945820791468
23.027074157033116
18.815899988974945
23.53870933963529
19.427062705629105
27.821848724053396
28.760554257583223
32.3932162564495
27.705103349345535
29.271020938999044
27.02984347147513
29.250413475293186
26.02680527130289
30.633780444396645
23.719163003178295
25.75984707089008
28.819759065463913
21.87501105593672
28.67921389068209
25.823780099945917
24.175741779515366
24.946276193640017
31.197144847385697
30.489194213621232
29.87122352705008
32.2751601376737
21.311130934681334
23.865507277335293
29.11016394086468
31.0339399831248
22.656211814466086
31.81462204852353
31.895907997269124
25.72916225438091
18.583990349434945
30.30448084931379
27.324092305720214
21.106871236835058
27.168846647525125
27.471498266425996
28.57878706072795
22.503879944068988
28.577358146323665
28.602124976400475
31.689463780301903
27.138721613722485
27.71159480465525
22.072170985214466
37.16373613414873
27.535798909561283
24.37166360123256
25.773221462004177
19.896723967724018
24.91085217339689
27.05115772557139
23.75553067047299
27.95853203765442
25.187877246639953
24.90853889925511
25.040620761320508
31.930175968009426
27.025315867707178
23.266960619929847
21.554700308815196
23.312075411764226
27.90918749520451
27.490991906329104
30.129145867713437
31.162945241892604
29.457471667660915
29.392226244861593
29.0710825526147
30.53400009457606
29.867638435964277
19.545118517471312
24.31764093988589
20.104064801550212
27.651657734953996
26.43045030962283
31.59055216922812
23.775050430721365
30.859327072455574
33.76073659552316
28.928372079516873
30.46024522783135
25.534182350530415
28.449450701865146
17.266552283273615
23.97663243351421
20.740231364793875
25.97325065437012
25.901095639481145
22.298982045781575
26.601340598843112
28.090603529734043
27.311203346851883
25.494019906288234
23.51811769857416
27.6712446621432
23.54324328639397
20.607223770242342
28.01261051460874
29.752385031236248
28.659473030870412
30.038314960507574
24.01679106820951
24.857058245100887
16.466330164186868
26.857977151468905
18.416013970750214
30.28278557397161
29.045161474631694
29.019939925573116
28.370394755802963
25.21310077595102
28.95054001396856
26.894026061062515
25.97031440781441
28.615241926561357
28.90110505509355
30.212066175864337
29.584702637668517
25.919392517162763
30.528094738452793
19.771768018104297
30.157392985741666
24.14078355528044
26.087777300377933
28.045730477256214
26.34091458969176
26.482518276922846
22.74193198355375
21.234120380001382
25.47285983531158
21.162879562639827
23.342912739995413
26.66671966960497
31.476784229118465
29.45489661350123
31.133420596735817
30.51396043319586
22.920428431763977
22.6302157216919
22.577857007805957
18.89237350043483
30.254124582999413
24.66521302447734
16.971421221952955
24.23474653019102
26.512675817636136
23.80013084413429
27.07536134215918
27.513935195263983
26.107024370775026
21.889678237155305
22.088604582910232
15.886458816133361
15.985224668274924
28.453572647855996
21.671117628382152
25.723209422961897
30.031708189945505
29.88926272812877
24.868440021550015
25.078490705783448
24.03299842505866
21.122649649478713
